KOGda(1,1,:)=[2642 990 2661 1323 993 20964 10563 2973 3160 1226 1178 1109 1452 10564 1416 3145 1257 1406 1244 1222 1235 2824 1463];
KOGda(1,2,:)=[777 759 788 390 759 14381 3037 5454 1908 540 486 488 861 26278 758 5504 814 697 473 769 612 4659 990];
KOGda(2,1,:)=[2517 830 2279 1042 1219 9990 6089 1821 1582 1345 1273 1505 1041 3980 1513 1719 1043 1488 975 944 1154 1683 952];
KOGda(2,2,:)=[924 712 716 574 775 5121 2635 4955 1514 590 530 713 808 24577 796 4912 732 684 506 913 578 4621 866];
KOGda(3,1,:)=[1835 542 1728 670 533 9123 4535 692 821 904 676 703 636 1158 810 760 489 888 565 536 866 792 647];
KOGda(3,2,:)=[1558 852 1525 918 711 6178 6366 2519 2665 704 614 666 1214 9587 934 2470 885 771 700 808 685 2183 1063];
KOGda(3,3,:)=[842 801 906 446 949 9319 2490 3375 1831 692 556 598 969 18575 822 3419 823 620 564 894 650 2537 986];
KOGda(4,1,:)=[1801 366 1923 627 567 11289 4878 385 481 390 456 461 312 955 586 406 325 619 238 353 393 359 352];
KOGda(4,2,:)=[1847 537 1850 622 812 8277 5977 1303 1069 537 576 588 631 3259 570 1304 539 633 641 520 545 1361 724];
KOGda(4,3,:)=[1050 532 967 368 455 9996 3706 4460 1816 528 457 483 770 11734 623 4448 672 720 425 656 585 3469 763];
KOGda(4,4,:)=[1446 929 1488 513 1181 20048 5610 5847 2425 906 755 661 1407 23616 1011 6094 1075 1050 798 1108 789 5396 1480];
KOGda(3,4,:)=[1445 475 1579 490 980 8358 2454 641 695 658 639 700 599 1375 986 642 519 937 540 471 586 541 735];