% Матрицы преобразований симметрии кубической сингонии
function [S] = cubicsymm
S = cell(1,24);
S{1}  = [ 1  0  0;  0  0 -1;  0  1  0];
S{2}  = [ 1  0  0;  0 -1  0;  0  0 -1];
S{3}  = [ 1  0  0;  0  0  1;  0 -1  0];
S{4}  = [ 0  0  1;  0  1  0; -1  0  0];
S{5}  = [-1  0  0;  0  1  0;  0  0 -1];
S{6}  = [ 0  0 -1;  0  1  0;  1  0  0];
S{7}  = [ 0 -1  0;  1  0  0;  0  0  1];
S{8}  = [-1  0  0;  0 -1  0;  0  0  1];
S{9}  = [ 0  1  0; -1  0  0;  0  0  1];
S{10} = [ 0  1  0;  1  0  0;  0  0 -1];
S{11} = [ 0  0  1;  0 -1  0;  1  0  0];
S{12} = [-1  0  0;  0  0  1;  0  1  0];
S{13} = [ 0 -1  0; -1  0  0;  0  0 -1];
S{14} = [ 0  0 -1;  0 -1  0; -1  0  0];
S{15} = [-1  0  0;  0  0 -1;  0 -1  0];
S{16} = [ 0  0  1;  1  0  0;  0  1  0];
S{17} = [ 0  1  0;  0  0  1;  1  0  0];
S{18} = [ 0 -1  0;  0  0  1; -1  0  0];
S{19} = [ 0  0 -1; -1  0  0;  0  1  0];
S{20} = [ 0 -1  0;  0  0 -1;  1  0  0];
S{21} = [ 0  0  1; -1  0  0;  0 -1  0];
S{22} = [ 0  1  0;  0  0 -1; -1  0  0];
S{23} = [ 0  0 -1;  1  0  0;  0 -1  0];
S{24} = [ 1  0  0;  0  1  0;  0  0  1];
